Satellite_600_1_1
1 00001U 00000A   23121.00000000  .00000000  00000+0  12222-5 0  9993
2 00001  98.0000   0.0000 0002000  90.0000   0.0000 14.91626663  9992
Satellite_600_1_2
1 00002U 00000A   23121.00000000  .00000000  00000+0  12222-5 0  9994
2 00002  98.0000   0.0000 0002000  90.0000  22.5000 14.91626663  9992
Satellite_600_1_3
1 00003U 00000A   23121.00000000  .00000000  00000+0  12222-5 0  9995
2 00003  98.0000   0.0000 0002000  90.0000  45.0000 14.91626663  9993
Satellite_600_1_4
1 00004U 00000A   23121.00000000  .00000000  00000+0  12222-5 0  9996
2 00004  98.0000   0.0000 0002000  90.0000  67.5000 14.91626663  9993
Satellite_600_1_5
1 00005U 00000A   23121.00000000  .00000000  00000+0  12222-5 0  9997
2 00005  98.0000   0.0000 0002000  90.0000  90.0000 14.91626663  9995
Satellite_600_1_6
1 00006U 00000A   23121.00000000  .00000000  00000+0  12222-5 0  9998
2 00006  98.0000   0.0000 0002000  90.0000 112.5000 14.91626663  9996
Satellite_600_1_7
1 00007U 00000A   23121.00000000  .00000000  00000+0  12222-5 0  9999
2 00007  98.0000   0.0000 0002000  90.0000 135.0000 14.91626663  9997
Satellite_600_1_8
1 00008U 00000A   23121.00000000  .00000000  00000+0  12222-5 0  9990
2 00008  98.0000   0.0000 0002000  90.0000 157.5000 14.91626663  9997
Satellite_600_1_9
1 00009U 00000A   23121.00000000  .00000000  00000+0  12222-5 0  9991
2 00009  98.0000   0.0000 0002000  90.0000 180.0000 14.91626663  9999
Satellite_600_1_10
1 00010U 00000A   23121.00000000  .00000000  00000+0  12222-5 0  9993
2 00010  98.0000   0.0000 0002000  90.0000 202.5000 14.91626663  9991
Satellite_600_1_11
1 00011U 00000A   23121.00000000  .00000000  00000+0  12222-5 0  9994
2 00011  98.0000   0.0000 0002000  90.0000 225.0000 14.91626663  9992
Satellite_600_1_12
1 00012U 00000A   23121.00000000  .00000000  00000+0  12222-5 0  9995
2 00012  98.0000   0.0000 0002000  90.0000 247.5000 14.91626663  9992
Satellite_600_1_13
1 00013U 00000A   23121.00000000  .00000000  00000+0  12222-5 0  9996
2 00013  98.0000   0.0000 0002000  90.0000 270.0000 14.91626663  9994
Satellite_600_1_14
1 00014U 00000A   23121.00000000  .00000000  00000+0  12222-5 0  9997
2 00014  98.0000   0.0000 0002000  90.0000 292.5000 14.91626663  9994
Satellite_600_1_15
1 00015U 00000A   23121.00000000  .00000000  00000+0  12222-5 0  9998
2 00015  98.0000   0.0000 0002000  90.0000 315.0000 14.91626663  9996
Satellite_600_1_16
1 00016U 00000A   23121.00000000  .00000000  00000+0  12222-5 0  9999
2 00016  98.0000   0.0000 0002000  90.0000 337.5000 14.91626663  9996
Satellite_600_2_1
1 00101U 00000A   23121.00000000  .00000000  00000+0  12222-5 0  9994
2 00101  98.0000  18.0000 0002000  90.0000  15.7500 14.91626663  9990
Satellite_600_2_2
1 00102U 00000A   23121.00000000  .00000000  00000+0  12222-5 0  9995
2 00102  98.0000  18.0000 0002000  90.0000  38.2500 14.91626663  9991
Satellite_600_2_3
1 00103U 00000A   23121.00000000  .00000000  00000+0  12222-5 0  9996
2 00103  98.0000  18.0000 0002000  90.0000  60.7500 14.91626663  9992
Satellite_600_2_4
1 00104U 00000A   23121.00000000  .00000000  00000+0  12222-5 0  9997
2 00104  98.0000  18.0000 0002000  90.0000  83.2500 14.91626663  9993
Satellite_600_2_5
1 00105U 00000A   23121.00000000  .00000000  00000+0  12222-5 0  9998
2 00105  98.0000  18.0000 0002000  90.0000 105.7500 14.91626663  9994
Satellite_600_2_6
1 00106U 00000A   23121.00000000  .00000000  00000+0  12222-5 0  9999
2 00106  98.0000  18.0000 0002000  90.0000 128.2500 14.91626663  9995
Satellite_600_2_7
1 00107U 00000A   23121.00000000  .00000000  00000+0  12222-5 0  9990
2 00107  98.0000  18.0000 0002000  90.0000 150.7500 14.91626663  9996
Satellite_600_2_8
1 00108U 00000A   23121.00000000  .00000000  00000+0  12222-5 0  9991
2 00108  98.0000  18.0000 0002000  90.0000 173.2500 14.91626663  9997
Satellite_600_2_9
1 00109U 00000A   23121.00000000  .00000000  00000+0  12222-5 0  9992
2 00109  98.0000  18.0000 0002000  90.0000 195.7500 14.91626663  9997
Satellite_600_2_10
1 00110U 00000A   23121.00000000  .00000000  00000+0  12222-5 0  9994
2 00110  98.0000  18.0000 0002000  90.0000 218.2500 14.91626663  9990
Satellite_600_2_11
1 00111U 00000A   23121.00000000  .00000000  00000+0  12222-5 0  9995
2 00111  98.0000  18.0000 0002000  90.0000 240.7500 14.91626663  9991
Satellite_600_2_12
1 00112U 00000A   23121.00000000  .00000000  00000+0  12222-5 0  9996
2 00112  98.0000  18.0000 0002000  90.0000 263.2500 14.91626663  9992
Satellite_600_2_13
1 00113U 00000A   23121.00000000  .00000000  00000+0  12222-5 0  9997
2 00113  98.0000  18.0000 0002000  90.0000 285.7500 14.91626663  9992
Satellite_600_2_14
1 00114U 00000A   23121.00000000  .00000000  00000+0  12222-5 0  9998
2 00114  98.0000  18.0000 0002000  90.0000 308.2500 14.91626663  9994
Satellite_600_2_15
1 00115U 00000A   23121.00000000  .00000000  00000+0  12222-5 0  9999
2 00115  98.0000  18.0000 0002000  90.0000 330.7500 14.91626663  9995
Satellite_600_2_16
1 00116U 00000A   23121.00000000  .00000000  00000+0  12222-5 0  9990
2 00116  98.0000  18.0000 0002000  90.0000 353.2500 14.91626663  9996
Satellite_600_3_1
1 00201U 00000A   23121.00000000  .00000000  00000+0  12222-5 0  9995
2 00201  98.0000  36.0000 0002000  90.0000  31.5000 14.91626663  9992
Satellite_600_3_2
1 00202U 00000A   23121.00000000  .00000000  00000+0  12222-5 0  9996
2 00202  98.0000  36.0000 0002000  90.0000  54.0000 14.91626663  9993
Satellite_600_3_3
1 00203U 00000A   23121.00000000  .00000000  00000+0  12222-5 0  9997
2 00203  98.0000  36.0000 0002000  90.0000  76.5000 14.91626663  9993
Satellite_600_3_4
1 00204U 00000A   23121.00000000  .00000000  00000+0  12222-5 0  9998
2 00204  98.0000  36.0000 0002000  90.0000  99.0000 14.91626663  9994
Satellite_600_3_5
1 00205U 00000A   23121.00000000  .00000000  00000+0  12222-5 0  9999
2 00205  98.0000  36.0000 0002000  90.0000 121.5000 14.91626663  9996
Satellite_600_3_6
1 00206U 00000A   23121.00000000  .00000000  00000+0  12222-5 0  9990
2 00206  98.0000  36.0000 0002000  90.0000 144.0000 14.91626663  9997
Satellite_600_3_7
1 00207U 00000A   23121.00000000  .00000000  00000+0  12222-5 0  9991
2 00207  98.0000  36.0000 0002000  90.0000 166.5000 14.91626663  9997
Satellite_600_3_8
1 00208U 00000A   23121.00000000  .00000000  00000+0  12222-5 0  9992
2 00208  98.0000  36.0000 0002000  90.0000 189.0000 14.91626663  9998
Satellite_600_3_9
1 00209U 00000A   23121.00000000  .00000000  00000+0  12222-5 0  9993
2 00209  98.0000  36.0000 0002000  90.0000 211.5000 14.91626663  9990
Satellite_600_3_10
1 00210U 00000A   23121.00000000  .00000000  00000+0  12222-5 0  9995
2 00210  98.0000  36.0000 0002000  90.0000 234.0000 14.91626663  9992
Satellite_600_3_11
1 00211U 00000A   23121.00000000  .00000000  00000+0  12222-5 0  9996
2 00211  98.0000  36.0000 0002000  90.0000 256.5000 14.91626663  9992
Satellite_600_3_12
1 00212U 00000A   23121.00000000  .00000000  00000+0  12222-5 0  9997
2 00212  98.0000  36.0000 0002000  90.0000 279.0000 14.91626663  9993
Satellite_600_3_13
1 00213U 00000A   23121.00000000  .00000000  00000+0  12222-5 0  9998
2 00213  98.0000  36.0000 0002000  90.0000 301.5000 14.91626663  9995
Satellite_600_3_14
1 00214U 00000A   23121.00000000  .00000000  00000+0  12222-5 0  9999
2 00214  98.0000  36.0000 0002000  90.0000 324.0000 14.91626663  9996
Satellite_600_3_15
1 00215U 00000A   23121.00000000  .00000000  00000+0  12222-5 0  9990
2 00215  98.0000  36.0000 0002000  90.0000 346.5000 14.91626663  9996
Satellite_600_3_16
1 00216U 00000A   23121.00000000  .00000000  00000+0  12222-5 0  9991
2 00216  98.0000  36.0000 0002000  90.0000 369.0000 14.91626663  9997
Satellite_600_4_1
1 00301U 00000A   23121.00000000  .00000000  00000+0  12222-5 0  9996
2 00301  98.0000  54.0000 0002000  90.0000  47.2500 14.91626663  9992
Satellite_600_4_2
1 00302U 00000A   23121.00000000  .00000000  00000+0  12222-5 0  9997
2 00302  98.0000  54.0000 0002000  90.0000  69.7500 14.91626663  9992
Satellite_600_4_3
1 00303U 00000A   23121.00000000  .00000000  00000+0  12222-5 0  9998
2 00303  98.0000  54.0000 0002000  90.0000  92.2500 14.91626663  9994
Satellite_600_4_4
1 00304U 00000A   23121.00000000  .00000000  00000+0  12222-5 0  9999
2 00304  98.0000  54.0000 0002000  90.0000 114.7500 14.91626663  9995
Satellite_600_4_5
1 00305U 00000A   23121.00000000  .00000000  00000+0  12222-5 0  9990
2 00305  98.0000  54.0000 0002000  90.0000 137.2500 14.91626663  9996
Satellite_600_4_6
1 00306U 00000A   23121.00000000  .00000000  00000+0  12222-5 0  9991
2 00306  98.0000  54.0000 0002000  90.0000 159.7500 14.91626663  9996
Satellite_600_4_7
1 00307U 00000A   23121.00000000  .00000000  00000+0  12222-5 0  9992
2 00307  98.0000  54.0000 0002000  90.0000 182.2500 14.91626663  9998
Satellite_600_4_8
1 00308U 00000A   23121.00000000  .00000000  00000+0  12222-5 0  9993
2 00308  98.0000  54.0000 0002000  90.0000 204.7500 14.91626663  9999
Satellite_600_4_9
1 00309U 00000A   23121.00000000  .00000000  00000+0  12222-5 0  9994
2 00309  98.0000  54.0000 0002000  90.0000 227.2500 14.91626663  9990
Satellite_600_4_10
1 00310U 00000A   23121.00000000  .00000000  00000+0  12222-5 0  9996
2 00310  98.0000  54.0000 0002000  90.0000 249.7500 14.91626663  9991
Satellite_600_4_11
1 00311U 00000A   23121.00000000  .00000000  00000+0  12222-5 0  9997
2 00311  98.0000  54.0000 0002000  90.0000 272.2500 14.91626663  9993
Satellite_600_4_12
1 00312U 00000A   23121.00000000  .00000000  00000+0  12222-5 0  9998
2 00312  98.0000  54.0000 0002000  90.0000 294.7500 14.91626663  9993
Satellite_600_4_13
1 00313U 00000A   23121.00000000  .00000000  00000+0  12222-5 0  9999
2 00313  98.0000  54.0000 0002000  90.0000 317.2500 14.91626663  9995
Satellite_600_4_14
1 00314U 00000A   23121.00000000  .00000000  00000+0  12222-5 0  9990
2 00314  98.0000  54.0000 0002000  90.0000 339.7500 14.91626663  9995
Satellite_600_4_15
1 00315U 00000A   23121.00000000  .00000000  00000+0  12222-5 0  9991
2 00315  98.0000  54.0000 0002000  90.0000 362.2500 14.91626663  9997
Satellite_600_4_16
1 00316U 00000A   23121.00000000  .00000000  00000+0  12222-5 0  9992
2 00316  98.0000  54.0000 0002000  90.0000 384.7500 14.91626663  9997
Satellite_600_5_1
1 00401U 00000A   23121.00000000  .00000000  00000+0  12222-5 0  9997
2 00401  98.0000  72.0000 0002000  90.0000  63.0000 14.91626663  9994
Satellite_600_5_2
1 00402U 00000A   23121.00000000  .00000000  00000+0  12222-5 0  9998
2 00402  98.0000  72.0000 0002000  90.0000  85.5000 14.91626663  9994
Satellite_600_5_3
1 00403U 00000A   23121.00000000  .00000000  00000+0  12222-5 0  9999
2 00403  98.0000  72.0000 0002000  90.0000 108.0000 14.91626663  9996
Satellite_600_5_4
1 00404U 00000A   23121.00000000  .00000000  00000+0  12222-5 0  9990
2 00404  98.0000  72.0000 0002000  90.0000 130.5000 14.91626663  9997
Satellite_600_5_5
1 00405U 00000A   23121.00000000  .00000000  00000+0  12222-5 0  9991
2 00405  98.0000  72.0000 0002000  90.0000 153.0000 14.91626663  9998
Satellite_600_5_6
1 00406U 00000A   23121.00000000  .00000000  00000+0  12222-5 0  9992
2 00406  98.0000  72.0000 0002000  90.0000 175.5000 14.91626663  9998
Satellite_600_5_7
1 00407U 00000A   23121.00000000  .00000000  00000+0  12222-5 0  9993
2 00407  98.0000  72.0000 0002000  90.0000 198.0000 14.91626663  9999
Satellite_600_5_8
1 00408U 00000A   23121.00000000  .00000000  00000+0  12222-5 0  9994
2 00408  98.0000  72.0000 0002000  90.0000 220.5000 14.91626663  9991
Satellite_600_5_9
1 00409U 00000A   23121.00000000  .00000000  00000+0  12222-5 0  9995
2 00409  98.0000  72.0000 0002000  90.0000 243.0000 14.91626663  9992
Satellite_600_5_10
1 00410U 00000A   23121.00000000  .00000000  00000+0  12222-5 0  9997
2 00410  98.0000  72.0000 0002000  90.0000 265.5000 14.91626663  9993
Satellite_600_5_11
1 00411U 00000A   23121.00000000  .00000000  00000+0  12222-5 0  9998
2 00411  98.0000  72.0000 0002000  90.0000 288.0000 14.91626663  9994
Satellite_600_5_12
1 00412U 00000A   23121.00000000  .00000000  00000+0  12222-5 0  9999
2 00412  98.0000  72.0000 0002000  90.0000 310.5000 14.91626663  9996
Satellite_600_5_13
1 00413U 00000A   23121.00000000  .00000000  00000+0  12222-5 0  9990
2 00413  98.0000  72.0000 0002000  90.0000 333.0000 14.91626663  9997
Satellite_600_5_14
1 00414U 00000A   23121.00000000  .00000000  00000+0  12222-5 0  9991
2 00414  98.0000  72.0000 0002000  90.0000 355.5000 14.91626663  9997
Satellite_600_5_15
1 00415U 00000A   23121.00000000  .00000000  00000+0  12222-5 0  9992
2 00415  98.0000  72.0000 0002000  90.0000 378.0000 14.91626663  9998
Satellite_600_5_16
1 00416U 00000A   23121.00000000  .00000000  00000+0  12222-5 0  9993
2 00416  98.0000  72.0000 0002000  90.0000 400.5000 14.91626663  9990
Satellite_600_6_1
1 00501U 00000A   23121.00000000  .00000000  00000+0  12222-5 0  9998
2 00501  98.0000  90.0000 0002000  90.0000  78.7500 14.91626663  9993
Satellite_600_6_2
1 00502U 00000A   23121.00000000  .00000000  00000+0  12222-5 0  9999
2 00502  98.0000  90.0000 0002000  90.0000 101.2500 14.91626663  9996
Satellite_600_6_3
1 00503U 00000A   23121.00000000  .00000000  00000+0  12222-5 0  9990
2 00503  98.0000  90.0000 0002000  90.0000 123.7500 14.91626663  9996
Satellite_600_6_4
1 00504U 00000A   23121.00000000  .00000000  00000+0  12222-5 0  9991
2 00504  98.0000  90.0000 0002000  90.0000 146.2500 14.91626663  9997
Satellite_600_6_5
1 00505U 00000A   23121.00000000  .00000000  00000+0  12222-5 0  9992
2 00505  98.0000  90.0000 0002000  90.0000 168.7500 14.91626663  9997
Satellite_600_6_6
1 00506U 00000A   23121.00000000  .00000000  00000+0  12222-5 0  9993
2 00506  98.0000  90.0000 0002000  90.0000 191.2500 14.91626663  9999
Satellite_600_6_7
1 00507U 00000A   23121.00000000  .00000000  00000+0  12222-5 0  9994
2 00507  98.0000  90.0000 0002000  90.0000 213.7500 14.91626663  9990
Satellite_600_6_8
1 00508U 00000A   23121.00000000  .00000000  00000+0  12222-5 0  9995
2 00508  98.0000  90.0000 0002000  90.0000 236.2500 14.91626663  9991
Satellite_600_6_9
1 00509U 00000A   23121.00000000  .00000000  00000+0  12222-5 0  9996
2 00509  98.0000  90.0000 0002000  90.0000 258.7500 14.91626663  9991
Satellite_600_6_10
1 00510U 00000A   23121.00000000  .00000000  00000+0  12222-5 0  9998
2 00510  98.0000  90.0000 0002000  90.0000 281.2500 14.91626663  9994
Satellite_600_6_11
1 00511U 00000A   23121.00000000  .00000000  00000+0  12222-5 0  9999
2 00511  98.0000  90.0000 0002000  90.0000 303.7500 14.91626663  9995
Satellite_600_6_12
1 00512U 00000A   23121.00000000  .00000000  00000+0  12222-5 0  9990
2 00512  98.0000  90.0000 0002000  90.0000 326.2500 14.91626663  9996
Satellite_600_6_13
1 00513U 00000A   23121.00000000  .00000000  00000+0  12222-5 0  9991
2 00513  98.0000  90.0000 0002000  90.0000 348.7500 14.91626663  9996
Satellite_600_6_14
1 00514U 00000A   23121.00000000  .00000000  00000+0  12222-5 0  9992
2 00514  98.0000  90.0000 0002000  90.0000 371.2500 14.91626663  9998
Satellite_600_6_15
1 00515U 00000A   23121.00000000  .00000000  00000+0  12222-5 0  9993
2 00515  98.0000  90.0000 0002000  90.0000 393.7500 14.91626663  9998
Satellite_600_6_16
1 00516U 00000A   23121.00000000  .00000000  00000+0  12222-5 0  9994
2 00516  98.0000  90.0000 0002000  90.0000 416.2500 14.91626663  9990
Satellite_600_7_1
1 00601U 00000A   23121.00000000  .00000000  00000+0  12222-5 0  9999
2 00601  98.0000 108.0000 0002000  90.0000  94.5000 14.91626663  9995
Satellite_600_7_2
1 00602U 00000A   23121.00000000  .00000000  00000+0  12222-5 0  9990
2 00602  98.0000 108.0000 0002000  90.0000 117.0000 14.91626663  9997
Satellite_600_7_3
1 00603U 00000A   23121.00000000  .00000000  00000+0  12222-5 0  9991
2 00603  98.0000 108.0000 0002000  90.0000 139.5000 14.91626663  9997
Satellite_600_7_4
1 00604U 00000A   23121.00000000  .00000000  00000+0  12222-5 0  9992
2 00604  98.0000 108.0000 0002000  90.0000 162.0000 14.91626663  9999
Satellite_600_7_5
1 00605U 00000A   23121.00000000  .00000000  00000+0  12222-5 0  9993
2 00605  98.0000 108.0000 0002000  90.0000 184.5000 14.91626663  9999
Satellite_600_7_6
1 00606U 00000A   23121.00000000  .00000000  00000+0  12222-5 0  9994
2 00606  98.0000 108.0000 0002000  90.0000 207.0000 14.91626663  9991
Satellite_600_7_7
1 00607U 00000A   23121.00000000  .00000000  00000+0  12222-5 0  9995
2 00607  98.0000 108.0000 0002000  90.0000 229.5000 14.91626663  9991
Satellite_600_7_8
1 00608U 00000A   23121.00000000  .00000000  00000+0  12222-5 0  9996
2 00608  98.0000 108.0000 0002000  90.0000 252.0000 14.91626663  9993
Satellite_600_7_9
1 00609U 00000A   23121.00000000  .00000000  00000+0  12222-5 0  9997
2 00609  98.0000 108.0000 0002000  90.0000 274.5000 14.91626663  9993
Satellite_600_7_10
1 00610U 00000A   23121.00000000  .00000000  00000+0  12222-5 0  9999
2 00610  98.0000 108.0000 0002000  90.0000 297.0000 14.91626663  9995
Satellite_600_7_11
1 00611U 00000A   23121.00000000  .00000000  00000+0  12222-5 0  9990
2 00611  98.0000 108.0000 0002000  90.0000 319.5000 14.91626663  9996
Satellite_600_7_12
1 00612U 00000A   23121.00000000  .00000000  00000+0  12222-5 0  9991
2 00612  98.0000 108.0000 0002000  90.0000 342.0000 14.91626663  9998
Satellite_600_7_13
1 00613U 00000A   23121.00000000  .00000000  00000+0  12222-5 0  9992
2 00613  98.0000 108.0000 0002000  90.0000 364.5000 14.91626663  9998
Satellite_600_7_14
1 00614U 00000A   23121.00000000  .00000000  00000+0  12222-5 0  9993
2 00614  98.0000 108.0000 0002000  90.0000 387.0000 14.91626663  9999
Satellite_600_7_15
1 00615U 00000A   23121.00000000  .00000000  00000+0  12222-5 0  9994
2 00615  98.0000 108.0000 0002000  90.0000 409.5000 14.91626663  9990
Satellite_600_7_16
1 00616U 00000A   23121.00000000  .00000000  00000+0  12222-5 0  9995
2 00616  98.0000 108.0000 0002000  90.0000 432.0000 14.91626663  9992
Satellite_600_8_1
1 00701U 00000A   23121.00000000  .00000000  00000+0  12222-5 0  9990
2 00701  98.0000 126.0000 0002000  90.0000 110.2500 14.91626663  9997
Satellite_600_8_2
1 00702U 00000A   23121.00000000  .00000000  00000+0  12222-5 0  9991
2 00702  98.0000 126.0000 0002000  90.0000 132.7500 14.91626663  9997
Satellite_600_8_3
1 00703U 00000A   23121.00000000  .00000000  00000+0  12222-5 0  9992
2 00703  98.0000 126.0000 0002000  90.0000 155.2500 14.91626663  9998
Satellite_600_8_4
1 00704U 00000A   23121.00000000  .00000000  00000+0  12222-5 0  9993
2 00704  98.0000 126.0000 0002000  90.0000 177.7500 14.91626663  9998
Satellite_600_8_5
1 00705U 00000A   23121.00000000  .00000000  00000+0  12222-5 0  9994
2 00705  98.0000 126.0000 0002000  90.0000 200.2500 14.91626663  9991
Satellite_600_8_6
1 00706U 00000A   23121.00000000  .00000000  00000+0  12222-5 0  9995
2 00706  98.0000 126.0000 0002000  90.0000 222.7500 14.91626663  9991
Satellite_600_8_7
1 00707U 00000A   23121.00000000  .00000000  00000+0  12222-5 0  9996
2 00707  98.0000 126.0000 0002000  90.0000 245.2500 14.91626663  9992
Satellite_600_8_8
1 00708U 00000A   23121.00000000  .00000000  00000+0  12222-5 0  9997
2 00708  98.0000 126.0000 0002000  90.0000 267.7500 14.91626663  9992
Satellite_600_8_9
1 00709U 00000A   23121.00000000  .00000000  00000+0  12222-5 0  9998
2 00709  98.0000 126.0000 0002000  90.0000 290.2500 14.91626663  9994
Satellite_600_8_10
1 00710U 00000A   23121.00000000  .00000000  00000+0  12222-5 0  9990
2 00710  98.0000 126.0000 0002000  90.0000 312.7500 14.91626663  9996
Satellite_600_8_11
1 00711U 00000A   23121.00000000  .00000000  00000+0  12222-5 0  9991
2 00711  98.0000 126.0000 0002000  90.0000 335.2500 14.91626663  9997
Satellite_600_8_12
1 00712U 00000A   23121.00000000  .00000000  00000+0  12222-5 0  9992
2 00712  98.0000 126.0000 0002000  90.0000 357.7500 14.91626663  9997
Satellite_600_8_13
1 00713U 00000A   23121.00000000  .00000000  00000+0  12222-5 0  9993
2 00713  98.0000 126.0000 0002000  90.0000 380.2500 14.91626663  9999
Satellite_600_8_14
1 00714U 00000A   23121.00000000  .00000000  00000+0  12222-5 0  9994
2 00714  98.0000 126.0000 0002000  90.0000 402.7500 14.91626663  9990
Satellite_600_8_15
1 00715U 00000A   23121.00000000  .00000000  00000+0  12222-5 0  9995
2 00715  98.0000 126.0000 0002000  90.0000 425.2500 14.91626663  9991
Satellite_600_8_16
1 00716U 00000A   23121.00000000  .00000000  00000+0  12222-5 0  9996
2 00716  98.0000 126.0000 0002000  90.0000 447.7500 14.91626663  9991
Satellite_600_9_1
1 00801U 00000A   23121.00000000  .00000000  00000+0  12222-5 0  9991
2 00801  98.0000 144.0000 0002000  90.0000 126.0000 14.91626663  9998
Satellite_600_9_2
1 00802U 00000A   23121.00000000  .00000000  00000+0  12222-5 0  9992
2 00802  98.0000 144.0000 0002000  90.0000 148.5000 14.91626663  9998
Satellite_600_9_3
1 00803U 00000A   23121.00000000  .00000000  00000+0  12222-5 0  9993
2 00803  98.0000 144.0000 0002000  90.0000 171.0000 14.91626663  9990
Satellite_600_9_4
1 00804U 00000A   23121.00000000  .00000000  00000+0  12222-5 0  9994
2 00804  98.0000 144.0000 0002000  90.0000 193.5000 14.91626663  9990
Satellite_600_9_5
1 00805U 00000A   23121.00000000  .00000000  00000+0  12222-5 0  9995
2 00805  98.0000 144.0000 0002000  90.0000 216.0000 14.91626663  9992
Satellite_600_9_6
1 00806U 00000A   23121.00000000  .00000000  00000+0  12222-5 0  9996
2 00806  98.0000 144.0000 0002000  90.0000 238.5000 14.91626663  9992
Satellite_600_9_7
1 00807U 00000A   23121.00000000  .00000000  00000+0  12222-5 0  9997
2 00807  98.0000 144.0000 0002000  90.0000 261.0000 14.91626663  9994
Satellite_600_9_8
1 00808U 00000A   23121.00000000  .00000000  00000+0  12222-5 0  9998
2 00808  98.0000 144.0000 0002000  90.0000 283.5000 14.91626663  9994
Satellite_600_9_9
1 00809U 00000A   23121.00000000  .00000000  00000+0  12222-5 0  9999
2 00809  98.0000 144.0000 0002000  90.0000 306.0000 14.91626663  9996
Satellite_600_9_10
1 00810U 00000A   23121.00000000  .00000000  00000+0  12222-5 0  9991
2 00810  98.0000 144.0000 0002000  90.0000 328.5000 14.91626663  9997
Satellite_600_9_11
1 00811U 00000A   23121.00000000  .00000000  00000+0  12222-5 0  9992
2 00811  98.0000 144.0000 0002000  90.0000 351.0000 14.91626663  9999
Satellite_600_9_12
1 00812U 00000A   23121.00000000  .00000000  00000+0  12222-5 0  9993
2 00812  98.0000 144.0000 0002000  90.0000 373.5000 14.91626663  9999
Satellite_600_9_13
1 00813U 00000A   23121.00000000  .00000000  00000+0  12222-5 0  9994
2 00813  98.0000 144.0000 0002000  90.0000 396.0000 14.91626663  9990
Satellite_600_9_14
1 00814U 00000A   23121.00000000  .00000000  00000+0  12222-5 0  9995
2 00814  98.0000 144.0000 0002000  90.0000 418.5000 14.91626663  9991
Satellite_600_9_15
1 00815U 00000A   23121.00000000  .00000000  00000+0  12222-5 0  9996
2 00815  98.0000 144.0000 0002000  90.0000 441.0000 14.91626663  9993
Satellite_600_9_16
1 00816U 00000A   23121.00000000  .00000000  00000+0  12222-5 0  9997
2 00816  98.0000 144.0000 0002000  90.0000 463.5000 14.91626663  9993
Satellite_600_10_1
1 00901U 00000A   23121.00000000  .00000000  00000+0  12222-5 0  9992
2 00901  98.0000 162.0000 0002000  90.0000 141.7500 14.91626663  9998
Satellite_600_10_2
1 00902U 00000A   23121.00000000  .00000000  00000+0  12222-5 0  9993
2 00902  98.0000 162.0000 0002000  90.0000 164.2500 14.91626663  9999
Satellite_600_10_3
1 00903U 00000A   23121.00000000  .00000000  00000+0  12222-5 0  9994
2 00903  98.0000 162.0000 0002000  90.0000 186.7500 14.91626663  9999
Satellite_600_10_4
1 00904U 00000A   23121.00000000  .00000000  00000+0  12222-5 0  9995
2 00904  98.0000 162.0000 0002000  90.0000 209.2500 14.91626663  9991
Satellite_600_10_5
1 00905U 00000A   23121.00000000  .00000000  00000+0  12222-5 0  9996
2 00905  98.0000 162.0000 0002000  90.0000 231.7500 14.91626663  9992
Satellite_600_10_6
1 00906U 00000A   23121.00000000  .00000000  00000+0  12222-5 0  9997
2 00906  98.0000 162.0000 0002000  90.0000 254.2500 14.91626663  9993
Satellite_600_10_7
1 00907U 00000A   23121.00000000  .00000000  00000+0  12222-5 0  9998
2 00907  98.0000 162.0000 0002000  90.0000 276.7500 14.91626663  9993
Satellite_600_10_8
1 00908U 00000A   23121.00000000  .00000000  00000+0  12222-5 0  9999
2 00908  98.0000 162.0000 0002000  90.0000 299.2500 14.91626663  9994
Satellite_600_10_9
1 00909U 00000A   23121.00000000  .00000000  00000+0  12222-5 0  9990
2 00909  98.0000 162.0000 0002000  90.0000 321.7500 14.91626663  9996
Satellite_600_10_10
1 00910U 00000A   23121.00000000  .00000000  00000+0  12222-5 0  9992
2 00910  98.0000 162.0000 0002000  90.0000 344.2500 14.91626663  9998
Satellite_600_10_11
1 00911U 00000A   23121.00000000  .00000000  00000+0  12222-5 0  9993
2 00911  98.0000 162.0000 0002000  90.0000 366.7500 14.91626663  9998
Satellite_600_10_12
1 00912U 00000A   23121.00000000  .00000000  00000+0  12222-5 0  9994
2 00912  98.0000 162.0000 0002000  90.0000 389.2500 14.91626663  9999
Satellite_600_10_13
1 00913U 00000A   23121.00000000  .00000000  00000+0  12222-5 0  9995
2 00913  98.0000 162.0000 0002000  90.0000 411.7500 14.91626663  9991
Satellite_600_10_14
1 00914U 00000A   23121.00000000  .00000000  00000+0  12222-5 0  9996
2 00914  98.0000 162.0000 0002000  90.0000 434.2500 14.91626663  9992
Satellite_600_10_15
1 00915U 00000A   23121.00000000  .00000000  00000+0  12222-5 0  9997
2 00915  98.0000 162.0000 0002000  90.0000 456.7500 14.91626663  9992
Satellite_600_10_16
1 00916U 00000A   23121.00000000  .00000000  00000+0  12222-5 0  9998
2 00916  98.0000 162.0000 0002000  90.0000 479.2500 14.91626663  9993
