Satellite_1100_1_1
1 00001U 00000A   23121.00000000  .00000000  00000+0  12222-5 0  9993
2 00001  86.0000   0.0000 0002000  90.0000   0.0000 13.44419049  9994
Satellite_1100_1_2
1 00002U 00000A   23121.00000000  .00000000  00000+0  12222-5 0  9994
2 00002  86.0000   0.0000 0002000  90.0000  60.0000 13.44419049  9991
Satellite_1100_1_3
1 00003U 00000A   23121.00000000  .00000000  00000+0  12222-5 0  9995
2 00003  86.0000   0.0000 0002000  90.0000 120.0000 13.44419049  9999
Satellite_1100_1_4
1 00004U 00000A   23121.00000000  .00000000  00000+0  12222-5 0  9996
2 00004  86.0000   0.0000 0002000  90.0000 180.0000 13.44419049  9996
Satellite_1100_1_5
1 00005U 00000A   23121.00000000  .00000000  00000+0  12222-5 0  9997
2 00005  86.0000   0.0000 0002000  90.0000 240.0000 13.44419049  9994
Satellite_1100_1_6
1 00006U 00000A   23121.00000000  .00000000  00000+0  12222-5 0  9998
2 00006  86.0000   0.0000 0002000  90.0000 300.0000 13.44419049  9992
Satellite_1100_2_1
1 00101U 00000A   23121.00000000  .00000000  00000+0  12222-5 0  9994
2 00101  86.0000  18.0000 0002000  90.0000  30.0000 13.44419049  9997
Satellite_1100_2_2
1 00102U 00000A   23121.00000000  .00000000  00000+0  12222-5 0  9995
2 00102  86.0000  18.0000 0002000  90.0000  90.0000 13.44419049  9994
Satellite_1100_2_3
1 00103U 00000A   23121.00000000  .00000000  00000+0  12222-5 0  9996
2 00103  86.0000  18.0000 0002000  90.0000 150.0000 13.44419049  9992
Satellite_1100_2_4
1 00104U 00000A   23121.00000000  .00000000  00000+0  12222-5 0  9997
2 00104  86.0000  18.0000 0002000  90.0000 210.0000 13.44419049  9990
Satellite_1100_2_5
1 00105U 00000A   23121.00000000  .00000000  00000+0  12222-5 0  9998
2 00105  86.0000  18.0000 0002000  90.0000 270.0000 13.44419049  9997
Satellite_1100_2_6
1 00106U 00000A   23121.00000000  .00000000  00000+0  12222-5 0  9999
2 00106  86.0000  18.0000 0002000  90.0000 330.0000 13.44419049  9995
Satellite_1100_3_1
1 00201U 00000A   23121.00000000  .00000000  00000+0  12222-5 0  9995
2 00201  86.0000  36.0000 0002000  90.0000  60.0000 13.44419049  9991
Satellite_1100_3_2
1 00202U 00000A   23121.00000000  .00000000  00000+0  12222-5 0  9996
2 00202  86.0000  36.0000 0002000  90.0000 120.0000 13.44419049  9999
Satellite_1100_3_3
1 00203U 00000A   23121.00000000  .00000000  00000+0  12222-5 0  9997
2 00203  86.0000  36.0000 0002000  90.0000 180.0000 13.44419049  9996
Satellite_1100_3_4
1 00204U 00000A   23121.00000000  .00000000  00000+0  12222-5 0  9998
2 00204  86.0000  36.0000 0002000  90.0000 240.0000 13.44419049  9994
Satellite_1100_3_5
1 00205U 00000A   23121.00000000  .00000000  00000+0  12222-5 0  9999
2 00205  86.0000  36.0000 0002000  90.0000 300.0000 13.44419049  9992
Satellite_1100_3_6
1 00206U 00000A   23121.00000000  .00000000  00000+0  12222-5 0  9990
2 00206  86.0000  36.0000 0002000  90.0000 360.0000 13.44419049  9999
Satellite_1100_4_1
1 00301U 00000A   23121.00000000  .00000000  00000+0  12222-5 0  9996
2 00301  86.0000  54.0000 0002000  90.0000  90.0000 13.44419049  9995
Satellite_1100_4_2
1 00302U 00000A   23121.00000000  .00000000  00000+0  12222-5 0  9997
2 00302  86.0000  54.0000 0002000  90.0000 150.0000 13.44419049  9993
Satellite_1100_4_3
1 00303U 00000A   23121.00000000  .00000000  00000+0  12222-5 0  9998
2 00303  86.0000  54.0000 0002000  90.0000 210.0000 13.44419049  9991
Satellite_1100_4_4
1 00304U 00000A   23121.00000000  .00000000  00000+0  12222-5 0  9999
2 00304  86.0000  54.0000 0002000  90.0000 270.0000 13.44419049  9998
Satellite_1100_4_5
1 00305U 00000A   23121.00000000  .00000000  00000+0  12222-5 0  9990
2 00305  86.0000  54.0000 0002000  90.0000 330.0000 13.44419049  9996
Satellite_1100_4_6
1 00306U 00000A   23121.00000000  .00000000  00000+0  12222-5 0  9991
2 00306  86.0000  54.0000 0002000  90.0000 390.0000 13.44419049  9993
Satellite_1100_5_1
1 00401U 00000A   23121.00000000  .00000000  00000+0  12222-5 0  9997
2 00401  86.0000  72.0000 0002000  90.0000 120.0000 13.44419049  9990
Satellite_1100_5_2
1 00402U 00000A   23121.00000000  .00000000  00000+0  12222-5 0  9998
2 00402  86.0000  72.0000 0002000  90.0000 180.0000 13.44419049  9997
Satellite_1100_5_3
1 00403U 00000A   23121.00000000  .00000000  00000+0  12222-5 0  9999
2 00403  86.0000  72.0000 0002000  90.0000 240.0000 13.44419049  9995
Satellite_1100_5_4
1 00404U 00000A   23121.00000000  .00000000  00000+0  12222-5 0  9990
2 00404  86.0000  72.0000 0002000  90.0000 300.0000 13.44419049  9993
Satellite_1100_5_5
1 00405U 00000A   23121.00000000  .00000000  00000+0  12222-5 0  9991
2 00405  86.0000  72.0000 0002000  90.0000 360.0000 13.44419049  9990
Satellite_1100_5_6
1 00406U 00000A   23121.00000000  .00000000  00000+0  12222-5 0  9992
2 00406  86.0000  72.0000 0002000  90.0000 420.0000 13.44419049  9998
Satellite_1100_6_1
1 00501U 00000A   23121.00000000  .00000000  00000+0  12222-5 0  9998
2 00501  86.0000  90.0000 0002000  90.0000 150.0000 13.44419049  9994
Satellite_1100_6_2
1 00502U 00000A   23121.00000000  .00000000  00000+0  12222-5 0  9999
2 00502  86.0000  90.0000 0002000  90.0000 210.0000 13.44419049  9992
Satellite_1100_6_3
1 00503U 00000A   23121.00000000  .00000000  00000+0  12222-5 0  9990
2 00503  86.0000  90.0000 0002000  90.0000 270.0000 13.44419049  9999
Satellite_1100_6_4
1 00504U 00000A   23121.00000000  .00000000  00000+0  12222-5 0  9991
2 00504  86.0000  90.0000 0002000  90.0000 330.0000 13.44419049  9997
Satellite_1100_6_5
1 00505U 00000A   23121.00000000  .00000000  00000+0  12222-5 0  9992
2 00505  86.0000  90.0000 0002000  90.0000 390.0000 13.44419049  9994
Satellite_1100_6_6
1 00506U 00000A   23121.00000000  .00000000  00000+0  12222-5 0  9993
2 00506  86.0000  90.0000 0002000  90.0000 450.0000 13.44419049  9992
Satellite_1100_7_1
1 00601U 00000A   23121.00000000  .00000000  00000+0  12222-5 0  9999
2 00601  86.0000 108.0000 0002000  90.0000 180.0000 13.44419049  9998
Satellite_1100_7_2
1 00602U 00000A   23121.00000000  .00000000  00000+0  12222-5 0  9990
2 00602  86.0000 108.0000 0002000  90.0000 240.0000 13.44419049  9996
Satellite_1100_7_3
1 00603U 00000A   23121.00000000  .00000000  00000+0  12222-5 0  9991
2 00603  86.0000 108.0000 0002000  90.0000 300.0000 13.44419049  9994
Satellite_1100_7_4
1 00604U 00000A   23121.00000000  .00000000  00000+0  12222-5 0  9992
2 00604  86.0000 108.0000 0002000  90.0000 360.0000 13.44419049  9991
Satellite_1100_7_5
1 00605U 00000A   23121.00000000  .00000000  00000+0  12222-5 0  9993
2 00605  86.0000 108.0000 0002000  90.0000 420.0000 13.44419049  9999
Satellite_1100_7_6
1 00606U 00000A   23121.00000000  .00000000  00000+0  12222-5 0  9994
2 00606  86.0000 108.0000 0002000  90.0000 480.0000 13.44419049  9996
Satellite_1100_8_1
1 00701U 00000A   23121.00000000  .00000000  00000+0  12222-5 0  9990
2 00701  86.0000 126.0000 0002000  90.0000 210.0000 13.44419049  9993
Satellite_1100_8_2
1 00702U 00000A   23121.00000000  .00000000  00000+0  12222-5 0  9991
2 00702  86.0000 126.0000 0002000  90.0000 270.0000 13.44419049  9990
Satellite_1100_8_3
1 00703U 00000A   23121.00000000  .00000000  00000+0  12222-5 0  9992
2 00703  86.0000 126.0000 0002000  90.0000 330.0000 13.44419049  9998
Satellite_1100_8_4
1 00704U 00000A   23121.00000000  .00000000  00000+0  12222-5 0  9993
2 00704  86.0000 126.0000 0002000  90.0000 390.0000 13.44419049  9995
Satellite_1100_8_5
1 00705U 00000A   23121.00000000  .00000000  00000+0  12222-5 0  9994
2 00705  86.0000 126.0000 0002000  90.0000 450.0000 13.44419049  9993
Satellite_1100_8_6
1 00706U 00000A   23121.00000000  .00000000  00000+0  12222-5 0  9995
2 00706  86.0000 126.0000 0002000  90.0000 510.0000 13.44419049  9991
Satellite_1100_9_1
1 00801U 00000A   23121.00000000  .00000000  00000+0  12222-5 0  9991
2 00801  86.0000 144.0000 0002000  90.0000 240.0000 13.44419049  9997
Satellite_1100_9_2
1 00802U 00000A   23121.00000000  .00000000  00000+0  12222-5 0  9992
2 00802  86.0000 144.0000 0002000  90.0000 300.0000 13.44419049  9995
Satellite_1100_9_3
1 00803U 00000A   23121.00000000  .00000000  00000+0  12222-5 0  9993
2 00803  86.0000 144.0000 0002000  90.0000 360.0000 13.44419049  9992
Satellite_1100_9_4
1 00804U 00000A   23121.00000000  .00000000  00000+0  12222-5 0  9994
2 00804  86.0000 144.0000 0002000  90.0000 420.0000 13.44419049  9990
Satellite_1100_9_5
1 00805U 00000A   23121.00000000  .00000000  00000+0  12222-5 0  9995
2 00805  86.0000 144.0000 0002000  90.0000 480.0000 13.44419049  9997
Satellite_1100_9_6
1 00806U 00000A   23121.00000000  .00000000  00000+0  12222-5 0  9996
2 00806  86.0000 144.0000 0002000  90.0000 540.0000 13.44419049  9995
Satellite_1100_10_1
1 00901U 00000A   23121.00000000  .00000000  00000+0  12222-5 0  9992
2 00901  86.0000 162.0000 0002000  90.0000 270.0000 13.44419049  9991
Satellite_1100_10_2
1 00902U 00000A   23121.00000000  .00000000  00000+0  12222-5 0  9993
2 00902  86.0000 162.0000 0002000  90.0000 330.0000 13.44419049  9999
Satellite_1100_10_3
1 00903U 00000A   23121.00000000  .00000000  00000+0  12222-5 0  9994
2 00903  86.0000 162.0000 0002000  90.0000 390.0000 13.44419049  9996
Satellite_1100_10_4
1 00904U 00000A   23121.00000000  .00000000  00000+0  12222-5 0  9995
2 00904  86.0000 162.0000 0002000  90.0000 450.0000 13.44419049  9994
Satellite_1100_10_5
1 00905U 00000A   23121.00000000  .00000000  00000+0  12222-5 0  9996
2 00905  86.0000 162.0000 0002000  90.0000 510.0000 13.44419049  9992
Satellite_1100_10_6
1 00906U 00000A   23121.00000000  .00000000  00000+0  12222-5 0  9997
2 00906  86.0000 162.0000 0002000  90.0000 570.0000 13.44419049  9999
